600.000	0.222
601.000	0.138
602.000	0.139
603.000	0.139
604.000	0.140
605.000	0.141
606.000	0.142
607.000	0.143
608.000	0.144
609.000	0.147
610.000	0.146
611.000	0.149
612.000	0.150
613.000	0.151
614.000	0.153
615.000	0.154
616.000	0.155
617.000	0.157
618.000	0.160
619.000	0.162
620.000	0.164
621.000	0.166
622.000	0.168
623.000	0.172
624.000	0.175
625.000	0.177
626.000	0.180
627.000	0.183
628.000	0.186
629.000	0.190
630.000	0.194
631.000	0.199
632.000	0.203
633.000	0.213
634.000	0.212
635.000	0.217
636.000	0.223
637.000	0.229
638.000	0.237
639.000	0.243
640.000	0.248
641.000	0.257
642.000	0.266
643.000	0.275
644.000	0.285
645.000	0.297
646.000	0.309
647.000	0.323
648.000	0.339
649.000	0.356
650.000	0.379
651.000	0.394
652.000	0.422
653.000	0.457
654.000	0.486
655.000	0.498
656.000	0.536
657.000	0.581
658.000	0.620
659.000	0.669
660.000	0.729
661.000	0.774
662.000	0.828
663.000	0.878
664.000	0.916
665.000	0.936
666.000	0.938
667.000	0.917
668.000	0.890
669.000	0.829
670.000	0.773
671.000	0.718
672.000	0.669
673.000	0.616
674.000	0.572
675.000	0.532
676.000	0.496
677.000	0.464
678.000	0.436
679.000	0.409
680.000	0.386
681.000	0.366
682.000	0.348
683.000	0.331
684.000	0.315
685.000	0.303
686.000	0.290
687.000	0.277
688.000	0.268
689.000	0.256
690.000	0.248
691.000	0.238
692.000	0.230
693.000	0.223
694.000	0.217
695.000	0.210
696.000	0.205
697.000	0.200
698.000	0.197
699.000	0.194
700.000	0.185
701.000	0.182
702.000	0.175
703.000	0.178
704.000	0.168
705.000	0.164
706.000	0.161
707.000	0.158
708.000	0.155
709.000	0.155
710.000	0.149
711.000	0.148
712.000	0.148
713.000	0.142
714.000	0.140
715.000	0.138
716.000	0.136
717.000	0.135
718.000	0.133
719.000	0.138
720.000	0.130
721.000	0.128
722.000	0.127
723.000	0.126
724.000	0.123
725.000	0.124
726.000	0.122
727.000	0.121
728.000	0.120
729.000	0.119
730.000	0.118
731.000	0.117
732.000	0.115
733.000	0.115
734.000	0.123
735.000	0.112
736.000	0.112
737.000	0.111
738.000	0.111
739.000	0.111
740.000	0.114
741.000	0.110
742.000	0.118
743.000	0.112
744.000	0.121
745.000	0.109
746.000	0.109
747.000	0.115
748.000	0.108
749.000	0.109
750.000	0.108
751.000	0.108
752.000	0.109
753.000	0.109
754.000	0.108
755.000	0.110
756.000	0.109
757.000	0.109
758.000	0.110
759.000	0.112
760.000	0.110
761.000	0.110
762.000	0.115
763.000	0.111
764.000	0.111
765.000	0.112
766.000	0.112
767.000	0.112
768.000	0.114
769.000	0.115
770.000	0.116
771.000	0.126
772.000	0.117
773.000	0.117
774.000	0.119
775.000	0.120
776.000	0.120
777.000	0.122
778.000	0.123
779.000	0.124
780.000	0.126
781.000	0.129
782.000	0.129
783.000	0.130
784.000	0.134
785.000	0.134
786.000	0.138
787.000	0.137
788.000	0.141
789.000	0.148
790.000	0.145
791.000	0.148
792.000	0.151
793.000	0.154
794.000	0.157
795.000	0.160
796.000	0.164
797.000	0.169
798.000	0.172
799.000	0.175
800.000	0.180
0.000	0.185
0.000	0.193
0.000	0.004
0.000	0.006
0.000	0.016
0.000	0.003
0.000	0.009
0.000	0.003
0.000	0.015
0.000	0.003
0.000	0.003
0.000	0.004
0.000	0.003
0.000	0.004
0.000	0.005
0.000	0.008
0.000	0.004
