10.000	0.007
15.000	0.003
20.000	0.006
25.000	0.008
30.000	0.005
35.000	0.007
40.000	0.007
45.000	0.009
50.000	0.027
55.000	0.032
60.000	0.014
65.000	0.033
70.000	0.016
75.000	0.023
80.000	0.022
85.000	0.023
90.000	0.025
95.000	0.026
100.000	0.035
105.000	0.032
110.000	0.040
115.000	0.040
120.000	0.059
125.000	0.053
130.000	0.059
135.000	0.069
140.000	0.202
145.000	0.104
150.000	0.132
155.000	0.174
160.000	0.256
165.000	0.439
170.000	0.842
175.000	0.611
180.000	0.356
185.000	0.250
190.000	0.195
195.000	0.163
200.000	0.145
205.000	0.129
210.000	0.117
215.000	0.110
220.000	0.117
225.000	0.100
230.000	0.098
235.000	0.096
240.000	0.095
245.000	0.095
250.000	0.118
255.000	0.108
260.000	0.100
265.000	0.104
270.000	0.107
275.000	0.111
280.000	0.118
285.000	0.127
290.000	0.138
295.000	0.153
300.000	0.170
305.000	0.191
310.000	0.223
315.000	0.268
320.000	0.333
325.000	0.439
330.000	0.601
335.000	0.796
340.000	0.777
345.000	0.584
350.000	0.434
355.000	0.340
360.000	0.281
365.000	0.239
370.000	0.211
375.000	0.189
380.000	0.174
385.000	0.175
390.000	0.153
395.000	0.190
400.000	0.139
405.000	0.137
410.000	0.133
415.000	0.132
420.000	0.134
425.000	0.132
430.000	0.134
435.000	0.139
440.000	0.142
445.000	0.146
450.000	0.155
455.000	0.164
460.000	0.178
465.000	0.192
470.000	0.213
475.000	0.243
480.000	0.303
485.000	0.342
490.000	0.417
495.000	0.541
500.000	0.720
505.000	0.852
510.000	0.751
515.000	0.567
520.000	0.432
525.000	0.346
530.000	0.286
535.000	0.246
540.000	0.216
545.000	0.210
550.000	0.179
555.000	0.219
560.000	0.158
565.000	0.148
570.000	0.141
575.000	0.141
580.000	0.136
585.000	0.135
590.000	0.130
595.000	0.130
600.000	0.160
605.000	0.138
610.000	0.137
615.000	0.142
620.000	0.150
625.000	0.161
630.000	0.171
635.000	0.186
640.000	0.211
645.000	0.240
650.000	0.279
655.000	0.347
660.000	0.440
665.000	0.642
670.000	0.852
675.000	0.907
680.000	0.656
685.000	0.463
690.000	0.348
695.000	0.278
700.000	0.232
705.000	0.199
710.000	0.175
715.000	0.158
720.000	0.146
725.000	0.135
730.000	0.127
735.000	0.123
740.000	0.115
745.000	0.112
750.000	0.110
755.000	0.108
760.000	0.113
765.000	0.113
770.000	0.111
775.000	0.114
780.000	0.118
785.000	0.125
790.000	0.129
795.000	0.140
